1637877551.595871 0
1637877552.619786 15
1637877554.631653 15
1637877555.646333 14
1637877556.672755 15
1637877557.728662 1
1637877558.732096 15
1637877560.711484 15
1637877561.740152 13
1637877562.752832 16
1637877563.813989 2
1637877564.844405 16
1637877566.867770 15
1637877567.884442 15
1637877569.841846 15
1637877570.860520 10
1637877571.872952 15
1637877572.940598 5
1637877573.963021 14
1637877574.976951 15
1637877576.006123 4
1637877577.024299 13
1637877578.048972 14
1637877579.069898 3
1637877580.076829 13
1637877580.845646 11
