1637772868.664560 0
1637772869.667960 88
1637772870.913481 76
1637772871.916428 149
1637772873.921211 29
1637772875.591979 20
1637772876.965924 10
1637772877.986320 147
1637772880.010885 102
1637772881.832812 97
1637772883.051348 10
1637772884.608184 20
1637772886.089810 50
1637772887.089872 174
1637772888.092795 107
1637772889.124778 13
1637772890.959702 20
1637772892.135506 10
1637772893.147614 33
1637772894.148069 111
1637772895.175969 25
1637772896.196616 119
1637772897.324966 52
1637772897.325207 2
