1637781996.284048 0
1637781997.284053 76301
1637781998.284054 70586
1637781999.285249 82528
1637782000.285719 77526
1637782001.285720 67683
1637782002.286952 82363
1637782003.286955 79645
1637782004.288821 67636
1637782005.289723 81286
1637782006.289730 79770
1637782007.290021 64823
1637782008.291173 82213
1637782009.292823 80846
1637782010.292973 64058
1637782011.292974 82414
1637782012.293954 82129
1637782013.293957 62675
1637782014.294076 82197
1637782015.294724 82115
1637782016.294878 62300
1637782017.294882 78264
1637782018.294928 82564
1637782019.295328 63828
1637782020.295331 82249
1637782021.295381 81985
1637782022.295384 63499
1637782023.295433 81697
1637782024.295582 82307
1637782025.295585 64123
1637782026.171384 70526
