1637781980.637468 0
1637781981.637479 42730
1637781982.637507 39211
1637781983.637511 31588
1637781984.637515 32815
1637781985.637518 36222
1637781986.637530 32418
1637781987.637576 32007
1637781988.638385 33794
1637781989.638392 30934
1637781990.638405 42492
1637781991.638440 31688
1637781992.638442 29854
1637781993.638445 42312
1637781994.638449 39843
1637781995.638452 32729
1637781996.638455 39199
1637781997.638461 40621
1637781998.638471 30947
1637781999.638516 43423
1637782000.638519 38770
1637782001.638523 32986
1637782002.638528 30056
1637782003.638538 40185
1637782004.638554 31126
1637782005.638555 40460
1637782006.638591 39888
1637782007.638598 33709
1637782008.638609 35328
1637782009.638612 40230
1637782010.562131 38420
