1637781787.690901 0
1637781789.222414 136
1637781790.774125 210
1637781792.826933 195
1637781793.835381 93
1637781795.918910 248
1637781796.919809 16
1637781797.933478 24
1637781798.950141 2
1637781799.950330 27
1637781801.403005 123
1637781802.945334 213
1637781803.946426 209
1637781805.040122 45
1637781806.043561 94
1637781808.111608 246
1637781809.113008 16
1637781810.628888 24
1637781812.132284 12
1637781813.152133 130
1637781814.230316 132
1637781815.232969 111
1637781816.600388 110
1637781816.638481 47
