1637787376.541138 0
1637787377.541288 72902
1637787378.541938 81764
1637787379.542090 75076
1637787380.542091 72671
1637787381.543647 81120
1637787382.547296 72699
1637787383.547300 72756
1637787384.548099 81543
1637787385.548100 73329
1637787386.548152 69266
1637787387.548156 81546
1637787388.549635 75091
1637787389.550104 68876
1637787390.550936 81660
1637787391.551339 77166
1637787392.552238 66191
1637787393.553389 81658
1637787394.555362 79625
1637787395.555513 65035
1637787396.555664 81387
1637787397.555667 79428
1637787398.555717 65908
1637787399.555868 80924
1637787400.556524 80400
1637787401.556672 64857
1637787402.556824 81274
1637787403.556905 81274
1637787404.557879 61973
1637787405.560031 81787
1637787406.442857 72372
