1637787639.567333 0
1637787640.567353 144963
1637787641.567357 142653
1637787642.567405 146983
1637787643.567407 147673
1637787644.567459 147552
1637787645.567460 155192
1637787646.567510 153205
1637787647.567512 151596
1637787648.567622 152945
1637787649.567716 157391
1637787650.567720 151767
1637787651.567770 254994
1637787652.567771 290801
1637787653.567823 290620
1637787654.567828 289749
1637787655.567877 277920
1637787656.568022 289801
1637787657.568026 268991
1637787658.568081 275018
1637787659.568083 290415
1637787660.568135 286452
1637787661.568139 269494
1637787662.568188 287016
1637787663.568190 286374
1637787664.568203 285197
1637787665.568205 235986
1637787666.568293 283271
1637787667.568297 283525
1637787668.568346 285817
1637787669.482423 261313
