1637787379.821427 0
1637787380.821428 31196
1637787381.821433 42352
1637787382.821437 42701
1637787383.821439 41824
1637787384.821446 43499
1637787385.821448 38628
1637787386.821451 33343
1637787387.821455 35935
1637787388.821459 32819
1637787389.821514 31331
1637787390.821517 30968
1637787391.821521 42510
1637787392.821524 33356
1637787393.821540 42762
1637787394.821551 40168
1637787395.821559 42748
1637787396.821589 42703
1637787397.821593 42388
1637787398.821597 42739
1637787399.821601 42781
1637787400.821604 40609
1637787401.821608 33863
1637787402.821612 32712
1637787403.821621 42704
1637787404.821632 35076
1637787405.821670 42154
1637787406.821678 42211
1637787407.821680 42160
1637787408.821684 42218
1637787409.696604 36810
