1637782481.171378 0
1637782482.172615 82041
1637782483.172763 68243
1637782484.172765 77304
1637782485.174812 82063
1637782486.174814 69802
1637782487.177114 76275
1637782488.177118 81973
1637782489.179091 70480
1637782490.179815 75239
1637782491.179962 82107
1637782492.182610 70879
1637782493.182613 73922
1637782494.182618 82123
1637782495.182992 73235
1637782496.183645 72423
1637782497.185363 78364
1637782498.185365 76946
1637782499.185412 69523
1637782500.186561 81979
1637782501.186894 75301
1637782502.186896 68545
1637782503.186898 81817
1637782504.187595 76317
1637782505.187600 68424
1637782506.187713 81804
1637782507.190042 78524
1637782508.190043 66727
1637782509.190162 81566
1637782510.190165 79442
1637782511.065697 54110
