1637782482.573519 0
1637782483.573688 19863
1637782484.573860 19982
1637782485.574032 20260
1637782486.574209 20370
1637782487.574376 20110
1637782488.574547 20040
1637782489.574719 19979
1637782490.574889 20264
1637782491.575061 20078
1637782492.575233 20014
1637782493.575405 20021
1637782494.575576 19906
1637782495.575748 20072
1637782496.575931 20340
1637782497.576090 20073
1637782498.576262 19998
1637782499.576434 19787
1637782500.576605 19984
1637782501.576777 19967
1637782502.576953 19893
1637782503.578120 19808
1637782504.578291 20024
1637782505.578462 20383
1637782506.578634 20112
1637782507.578805 20057
1637782508.578977 20017
1637782509.579149 19953
1637782510.579320 20286
1637782511.579496 20327
1637782512.435002 17143
